3,5,82~4,5,82
8,2,35~8,3,35
0,1,195~0,3,195
7,7,190~7,8,190
2,5,125~2,5,128
8,7,171~8,7,174
0,9,150~2,9,150
0,7,99~0,9,99
0,1,200~0,4,200
5,8,94~6,8,94
6,2,173~6,4,173
5,3,71~5,3,73
9,1,132~9,3,132
2,6,79~4,6,79
7,2,45~8,2,45
7,7,125~7,9,125
3,7,136~5,7,136
4,8,241~6,8,241
3,4,43~3,5,43
2,8,235~2,8,237
6,5,15~6,5,15
4,0,114~4,1,114
1,2,98~1,4,98
4,2,222~5,2,222
1,8,244~3,8,244
6,5,161~7,5,161
3,0,138~3,2,138
0,0,248~1,0,248
0,1,197~2,1,197
2,6,134~3,6,134
7,5,143~7,8,143
1,7,32~2,7,32
6,8,220~6,8,222
2,7,242~4,7,242
9,2,234~9,5,234
6,2,170~8,2,170
4,3,144~4,4,144
3,3,101~3,5,101
0,8,13~2,8,13
3,2,112~3,4,112
2,2,15~2,4,15
5,4,85~5,6,85
4,6,185~6,6,185
4,3,197~6,3,197
6,2,101~8,2,101
1,0,175~2,0,175
5,6,135~5,9,135